# Descriptor parameters SymFun
# n_species
1

# Full cutoff matrix n_species × n_species
3.77

# Cutoff function
cos

# descriptor width
51

# number of symmetry funcitons, their name, number of elements, values
2
g2
g4
16
129

0.001
0.0
0.01
0.0
0.02
0.0
0.035
0.0
0.06
0.0
0.1
0.0
0.2
0.0
0.4
0.0

1.
-1.
0.0001
1.
1.
0.0001
2.
-1.
0.0001
2.
1.
0.0001
1.
-1.
0.003
1.
1.
0.003
2
-1
0.003
2
1
0.003
1
-1
0.008
1
1
0.008
2
-1
0.008
2
1
0.008
1
-1
0.015
1
1
0.015
2
-1
0.015
2
1
0.015
4
-1
0.015
4
1
0.015
16
-1
0.015
16
1
0.015
1
-1
0.025
1
1
0.025
2
-1
0.025
2
1
0.025
4
-1
0.025
4
1
0.025
16
-1
0.025
16
1
0.025
1
-1
0.045
1
1
0.045
2
-1
0.045
2
1
0.045
4
-1
0.045
4
1
0.045
16
-1
0.045
16
1
0.045
1
-1
0.08
1
1
0.08
2
-1
0.08
2
1
0.08
4
-1
0.08
4
1
0.08
16
1
0.08

# Dims length width
8
2
43
3
